53 181
2 64 64 
1 1 

2 1 0 64 128 XOR
1 1 128 129 INV
2 1 0 64 130 AND
1 1 130 131 INV
2 1 1 65 132 XOR
2 1 132 131 133 XOR
1 1 133 134 INV
2 1 129 134 135 AND
2 1 1 65 136 AND
1 1 136 137 INV
2 1 2 66 138 XOR
2 1 138 137 139 XOR
1 1 139 140 INV
2 1 135 140 141 AND
2 1 2 66 142 AND
1 1 142 143 INV
2 1 3 67 144 XOR
2 1 144 143 145 XOR
1 1 145 146 INV
2 1 141 146 147 AND
2 1 3 67 148 AND
1 1 148 149 INV
2 1 4 68 150 XOR
2 1 150 149 151 XOR
1 1 151 152 INV
2 1 147 152 153 AND
2 1 4 68 154 AND
1 1 154 155 INV
2 1 5 69 156 XOR
2 1 156 155 157 XOR
1 1 157 158 INV
2 1 153 158 159 AND
2 1 5 69 160 AND
1 1 160 161 INV
2 1 6 70 162 XOR
2 1 162 161 163 XOR
1 1 163 164 INV
2 1 159 164 165 AND
2 1 6 70 166 AND
1 1 166 167 INV
2 1 7 71 168 XOR
2 1 168 167 169 XOR
1 1 169 170 INV
2 1 165 170 171 AND
2 1 63 127 172 AND
1 1 172 173 INV
2 1 63 127 174 XOR
2 1 62 126 175 AND
1 1 175 176 INV
2 1 176 174 177 XOR
1 1 177 178 INV
2 1 173 178 179 AND
2 1 179 171 180 AND


