64 192
2 64 64 
1 64 

2 1 0 64 128 XOR
2 1 1 65 129 XOR
2 1 2 66 130 XOR
2 1 3 67 131 XOR
2 1 4 68 132 XOR
2 1 5 69 133 XOR
2 1 6 70 134 XOR
2 1 7 71 135 XOR
2 1 8 72 136 XOR
2 1 9 73 137 XOR
2 1 10 74 138 XOR
2 1 11 75 139 XOR
2 1 12 76 140 XOR
2 1 13 77 141 XOR
2 1 14 78 142 XOR
2 1 15 79 143 XOR
2 1 16 80 144 XOR
2 1 17 81 145 XOR
2 1 18 82 146 XOR
2 1 19 83 147 XOR
2 1 20 84 148 XOR
2 1 21 85 149 XOR
2 1 22 86 150 XOR
2 1 23 87 151 XOR
2 1 24 88 152 XOR
2 1 25 89 153 XOR
2 1 26 90 154 XOR
2 1 27 91 155 XOR
2 1 28 92 156 XOR
2 1 29 93 157 XOR
2 1 30 94 158 XOR
2 1 31 95 159 XOR
2 1 32 96 160 XOR
2 1 33 97 161 XOR
2 1 34 98 162 XOR
2 1 35 99 163 XOR
2 1 36 100 164 XOR
2 1 37 101 165 XOR
2 1 38 102 166 XOR
2 1 39 103 167 XOR
2 1 40 104 168 XOR
2 1 41 105 169 XOR
2 1 42 106 170 XOR
2 1 43 107 171 XOR
2 1 44 108 172 XOR
2 1 45 109 173 XOR
2 1 46 110 174 XOR
2 1 47 111 175 XOR
2 1 48 112 176 XOR
2 1 49 113 177 XOR
2 1 50 114 178 XOR
2 1 51 115 179 XOR
2 1 52 116 180 XOR
2 1 53 117 181 XOR
2 1 54 118 182 XOR
2 1 55 119 183 XOR
2 1 56 120 184 XOR
2 1 57 121 185 XOR
2 1 58 122 186 XOR
2 1 59 123 187 XOR
2 1 60 124 188 XOR
2 1 61 125 189 XOR
2 1 62 126 190 XOR
2 1 63 127 191 XOR


